name = 'CO2*_19'
composition = {'H':0, 'C':1, 'N':0, 'O':2, 'Pt':1}
coverage = 1
DFT_energy = [-85.495768, 'eV']
ZPE_energy = [0.298, 'eV']
frequencies = [74.0, 99.5, 111.9, 176.0, 280.5, 502.6, 652.0, 1150.2, 1760.1, 'cm-1']
gas_DFT_energy = [-18.393636, 'eV']
gas_ZPE_energy = [0.305, 'eV']
sites = 1
BEE = []
gas_BEE = []
