name = '*O_99'
composition = {'H':0, 'C':0, 'N':0, 'O':1, 'Pt':1}
coverage = 9
DFT_energy = [-115.466836, 'eV']
ZPE_energy = [0.688, 'eV']
frequencies = [323.7, 383.1, 384.9, 385.9, 388.8, 391.6, 393.2, 393.7, 394.7, 402.9, 403.4, 403.8, 404.7, 405.4, 405.7, 407.4, 408.3, 408.9, 416.4, 426.4, 428.6, 430.4, 431.1, 439.2, 439.3, 450.8, 538.4, 'cm-1']
gas_DFT_energy = [-5.484344, 'eV']
gas_ZPE_energy = [0.099, 'eV']
sites = 1
BEE = []
gas_BEE = []
