name = '*O_89'
composition = {'H':0, 'C':0, 'N':0, 'O':1, 'Pt':1}
coverage = 8
DFT_energy = [-113.417678, 'eV']
ZPE_energy = [0.714, 'eV']
frequencies = [346.7, 385.6, 387.6, 424.9, 426.4, 448.6, 458.7, 466.6, 467.2, 469.4, 476.8, 478.2, 485.6, 488.9, 496.7, 497.9, 498.7, 499.5, 530.1, 543.6, 544.7, 557.2, 558.7, 581.5, 'cm-1']
gas_DFT_energy = [-5.484344, 'eV']
gas_ZPE_energy = [0.099, 'eV']
sites = 1
BEE = []
gas_BEE = []
