name = '*O_79'
composition = {'H':0, 'C':0, 'N':0, 'O':1, 'Pt':1}
coverage = 7
DFT_energy = [-110.067943, 'eV']
ZPE_energy = [0.481, 'eV']
frequencies = [220.6, 239.1, 265.0, 286.6, 288.6, 307.7, 310.2, 330.2, 332.6, 374.0, 388.7, 389.5, 390.6, 400.8, 436.3, 443.0, 448.9, 455.8, 467.7, 491.1, 492.8, 'cm-1']
gas_DFT_energy = [-5.484344, 'eV']
gas_ZPE_energy = [0.099, 'eV']
sites = 1
BEE = []
gas_BEE = []
