name = '*CO_59'
composition = {'H':0, 'C':1, 'N':0, 'O':1, 'Pt':1}
coverage = 5
DFT_energy = [-146.743125, 'eV']
ZPE_energy = [1.012, 'eV']
frequencies = [71.3, 85.7, 126.7, 154.2, 165.8, 174.3, 187.6, 237.8, 256.8, 273.7, 282.6, 295.4, 306.8, 320.8, 336.6, 340.5, 343.6, 353.5, 358.8, 360.8, 369.4, 377.8, 412.7, 423.2, 455.8, 1795.0, 1818.7, 1837.0, 1872.4, 1928.8, 'cm-1']
gas_DFT_energy = [-12.06623, 'eV']
gas_ZPE_energy = [0.133, 'eV']
sites = 1
BEE = []
gas_BEE = []
