name = '*O_89'
composition = {'H':0, 'C':0, 'N':0, 'O':1, 'Pt':1}
coverage = 8
DFT_energy = [-114.834977, 'eV']
ZPE_energy = [0.64, 'eV']
frequencies = [226.3, 254.0, 265.5, 293.1, 306.6, 336.4, 343.2, 347.6, 362.2, 372.8, 395.3, 425.2, 452.9, 474.3, 487.8, 496.3, 501.5, 530.6, 545.8, 555.7, 561.6, 578.5, 592.1, 614.7, 'cm-1']
gas_DFT_energy = [-5.484344, 'eV']
gas_ZPE_energy = [0.099, 'eV']
sites = 1
BEE = []
gas_BEE = []
